Plan Size vs Actual Size

xk: 220.0
b0: -115.5714285714291
b1: 1.8142857142857167
rXY: 0.6358589898463454
r2: 0.40431665496841473
yk: 283.57142857142856

Plan Size vs Actual Time

xk: 220.0
b0: 7.204761904500009
b1: -0.015952380950000043
rXY: -0.30450770797715027
r2: 0.09272494421749743
yk: 3.6952380954999993